STATEFP,COUNTYFP,TRACTCE,POPULATION,LATITUDE,LONGITUDE
09,110,400101,2928,+41.629080,-072.725239
09,110,400102,4299,+41.621213,-072.757198
09,110,400200,5997,+41.597946,-072.769056
09,110,400300,6951,+41.630354,-072.784405
09,110,415300,2521,+41.666840,-072.768166
09,110,415400,6179,+41.661016,-072.760157
09,110,415500,3094,+41.657644,-072.770604
09,110,415600,4198,+41.654529,-072.781009
09,110,415700,3256,+41.656224,-072.789618
09,110,415800,2873,+41.663371,-072.794814
09,110,415900,1647,+41.671684,-072.790721
09,110,416000,4537,+41.677326,-072.790057
09,110,416100,4955,+41.677452,-072.780200
09,110,416200,3025,+41.678800,-072.772710
09,110,416300,3810,+41.675117,-072.762702
09,110,416400,3152,+41.657191,-072.808764
09,110,416500,4833,+41.676170,-072.810490
09,110,416600,3150,+41.672813,-072.800548
09,110,416700,6877,+41.692150,-072.797586
09,110,416800,3079,+41.686211,-072.776891
09,110,417100,1857,+41.664724,-072.779431
09,110,417200,1702,+41.687931,-072.762410
09,110,417300,2045,+41.692059,-072.766127
09,110,417400,3012,+41.706960,-072.770640
09,110,417500,4333,+41.700662,-072.784521
09,110,420400,3021,+41.688440,-072.880728
09,110,420500,5321,+41.665024,-072.873396
09,110,420601,2596,+41.662439,-072.860299
09,110,420602,3224,+41.681955,-072.851363
09,110,420700,3363,+41.665991,-072.847618
09,110,430100,4141,+41.595418,-072.876370
09,110,430201,3373,+41.633915,-072.865035
09,110,430202,4616,+41.617244,-072.846354
09,110,430203,4024,+41.597353,-072.857277
09,110,430301,3855,+41.565933,-072.855363
09,110,430302,2878,+41.575903,-072.872828
09,110,430400,5092,+41.573392,-072.901975
09,110,430501,1705,+41.594398,-072.893996
09,110,430502,5157,+41.592469,-072.917429
09,110,430602,3451,+41.607163,-072.889832
09,110,430603,2170,+41.613567,-072.869313
09,110,430604,3039,+41.627153,-072.905525
09,110,460100,3441,+41.723588,-072.784992
09,110,460202,4820,+41.722070,-072.815631
09,110,460203,3313,+41.744393,-072.844204
09,110,460204,6190,+41.713620,-072.876586
09,110,460301,5025,+41.748383,-072.871973
09,110,460302,3923,+41.750553,-072.893144
09,110,462101,6151,+41.786007,-072.879066
09,110,462102,4391,+41.789713,-072.905685
09,110,462201,5439,+41.798716,-072.849853
09,110,462202,2951,+41.794697,-072.816143
09,110,464101,5185,+41.861477,-072.903893
09,110,464102,4939,+41.820604,-072.913324
09,110,466101,5675,+41.854601,-072.834638
09,110,466102,5496,+41.830848,-072.843901
09,110,466201,2685,+41.910364,-072.800155
09,110,466202,3678,+41.889608,-072.843848
09,110,466300,4608,+41.889721,-072.810304
09,110,466400,2375,+41.887387,-072.777597
09,110,468101,6912,+41.984942,-072.827255
09,110,468102,3991,+41.945694,-072.793297
09,110,470100,5214,+41.936177,-072.743490
09,110,471100,3554,+41.819384,-072.690965
09,110,471200,3171,+41.821102,-072.705936
09,110,471300,5161,+41.824527,-072.733554
09,110,471400,5665,+41.843811,-072.759025
09,110,471500,3984,+41.844729,-072.718570
09,110,473100,6162,+41.834832,-072.674303
09,110,473400,2050,+41.850820,-072.648425
09,110,473501,4638,+41.886019,-072.684090
09,110,473502,3397,+41.906458,-072.685085
09,110,473601,3286,+41.879523,-072.636102
09,110,473602,2374,+41.865518,-072.655397
09,110,473700,5748,+41.830598,-072.655032
09,110,473800,1837,+41.812958,-072.658105
09,110,476100,4734,+41.932905,-072.635495
09,110,476200,2723,+41.933164,-072.647456
09,110,476300,5156,+41.917586,-072.650872
09,110,477101,4144,+41.998844,-072.661199
09,110,477103,5657,+41.998143,-072.621682
09,110,477104,2959,+41.966334,-072.634378
09,110,477200,2992,+42.010689,-072.735220
09,110,480300,2173,+42.025201,-072.571593
09,110,480400,3466,+42.008764,-072.571889
09,110,480500,3256,+42.007705,-072.591640
09,110,480600,4938,+41.998976,-072.599360
09,110,480700,2175,+41.982206,-072.595598
09,110,480800,4177,+41.989557,-072.547368
09,110,480900,2989,+41.998246,-072.509335
09,110,481000,3411,+41.958893,-072.534085
09,110,481100,3686,+41.968903,-072.566501
09,110,481200,3734,+41.961040,-072.587751
09,110,481300,2807,+41.944749,-072.576322
09,110,484100,5665,+41.911969,-072.597144
09,110,484200,5525,+41.908069,-072.542189
09,110,487100,7158,+41.854214,-072.552080
09,110,487201,4581,+41.827175,-072.525683
09,110,487202,3517,+41.846010,-072.511848
09,110,487300,1434,+41.830044,-072.615939
09,110,487400,2621,+41.825082,-072.590343
09,110,487500,7607,+41.814374,-072.571642
09,110,490100,5577,+41.663110,-072.641186
09,110,490303,4579,+41.638280,-072.689663
09,110,490304,4031,+41.660324,-072.693899
09,110,492100,3354,+41.709551,-072.656259
09,110,492200,4263,+41.704438,-072.666799
09,110,492300,6118,+41.719132,-072.682871
09,110,492400,3007,+41.706467,-072.689749
09,110,492500,3436,+41.695929,-072.685007
09,110,492600,7120,+41.681558,-072.676876
09,110,494100,6293,+41.677592,-072.714981
09,110,494201,4687,+41.663173,-072.740288
09,110,494202,2792,+41.659203,-072.713185
09,110,494300,4034,+41.682138,-072.742890
09,110,494400,4747,+41.695743,-072.721258
09,110,494500,4366,+41.712312,-072.725209
09,110,494600,3617,+41.710368,-072.747663
09,110,496100,2683,+41.729496,-072.722676
09,110,496200,4747,+41.725600,-072.744484
09,110,496300,3650,+41.741559,-072.738856
09,110,496400,2939,+41.741169,-072.752025
09,110,496500,2801,+41.754783,-072.752110
09,110,496600,2781,+41.744379,-072.768961
09,110,496700,3674,+41.753989,-072.724163
09,110,496800,3616,+41.745700,-072.723899
09,110,496900,6179,+41.760045,-072.727525
09,110,497000,4279,+41.773981,-072.733074
09,110,497100,4041,+41.766900,-072.730341
09,110,497200,2478,+41.782639,-072.726621
09,110,497300,5467,+41.796512,-072.731903
09,110,497400,4068,+41.776581,-072.753372
09,110,497500,3972,+41.792691,-072.753827
09,110,497600,2246,+41.763399,-072.751396
09,110,497700,4451,+41.776203,-072.772808
09,110,500100,3720,+41.745440,-072.678157
09,110,500200,2179,+41.749967,-072.677050
09,110,500300,1937,+41.756043,-072.678373
09,110,500400,1862,+41.755040,-072.668231
09,110,500500,1533,+41.758827,-072.672952
09,110,500900,2027,+41.780458,-072.674027
09,110,501200,2552,+41.790716,-072.679725
09,110,501300,1707,+41.787665,-072.675712
09,110,501400,2627,+41.781789,-072.689691
09,110,501500,3783,+41.788559,-072.685310
09,110,501700,1512,+41.775634,-072.683343
09,110,501800,2898,+41.779265,-072.682241
09,110,502100,2832,+41.765958,-072.675295
09,110,502300,5910,+41.733640,-072.681617
09,110,502400,5582,+41.739012,-072.676182
09,110,502500,1768,+41.734742,-072.670765
09,110,502600,3743,+41.739772,-072.688854
09,110,502700,5001,+41.747732,-072.687129
09,110,502800,2971,+41.755943,-072.687102
09,110,502900,2776,+41.758155,-072.693999
09,110,503000,2978,+41.760987,-072.687221
09,110,503101,1677,+41.765654,-072.697885
09,110,503102,2851,+41.769482,-072.698994
09,110,503300,2617,+41.771701,-072.693332
09,110,503500,1616,+41.778284,-072.691151
09,110,503700,2450,+41.782951,-072.699430
09,110,503800,2473,+41.798900,-072.714837
09,110,503900,4772,+41.801239,-072.699868
09,110,504000,3365,+41.792882,-072.698377
09,110,504100,1918,+41.759166,-072.705968
09,110,504200,4713,+41.765873,-072.707476
09,110,504300,2022,+41.753297,-072.710645
09,110,504500,3478,+41.741889,-072.698715
09,110,504800,4576,+41.732291,-072.697911
09,110,504900,4342,+41.749258,-072.699509
09,110,510100,2224,+41.786440,-072.634771
09,110,510200,2367,+41.769468,-072.647778
09,110,510300,4185,+41.784631,-072.624130
09,110,510400,5614,+41.775100,-072.626373
09,110,510500,3139,+41.764079,-072.609672
09,110,510600,5051,+41.756759,-072.636555
09,110,510700,4915,+41.739656,-072.618802
09,110,510800,3110,+41.733384,-072.631087
09,110,510900,3699,+41.736166,-072.588257
09,110,511000,3581,+41.747899,-072.589629
09,110,511100,3742,+41.761733,-072.591367
09,110,511200,3455,+41.777298,-072.590970
09,110,511300,3542,+41.782649,-072.597967
09,110,511400,2421,+41.793371,-072.604165
09,110,514101,3160,+41.803103,-072.490939
09,110,514103,4038,+41.800730,-072.547336
09,110,514104,4244,+41.806561,-072.520951
09,110,514200,3382,+41.796817,-072.531463
09,110,514300,4363,+41.786063,-072.513481
09,110,514400,4899,+41.783533,-072.526812
09,110,514500,4481,+41.779650,-072.545242
09,110,514600,5258,+41.769093,-072.541756
09,110,514700,4403,+41.769901,-072.523136
09,110,514800,3577,+41.770382,-072.511177
09,110,514900,2987,+41.789343,-072.496927
09,110,515000,2899,+41.776164,-072.495657
09,110,515101,2525,+41.759771,-072.537765
09,110,515102,6054,+41.758151,-072.557281
09,110,515200,3443,+41.756325,-072.496699
09,110,520100,5668,+41.722962,-072.552403
09,110,520201,3883,+41.713721,-072.499536
09,110,520202,4253,+41.675615,-072.530669
09,110,520301,4732,+41.722310,-072.589733
09,110,520302,4467,+41.712258,-072.602128
09,110,520400,7794,+41.689677,-072.584492
09,110,520501,4362,+41.660711,-072.593863
09,110,524100,6133,+41.639884,-072.459436
09,110,524200,6658,+41.659786,-072.661095
09,110,524300,5329,+42.021555,-072.535189
09,110,524400,3157,+41.795238,-072.670663
09,110,524501,3422,+41.760450,-072.712345
09,110,524502,2229,+41.776485,-072.709477
09,110,524600,3198,+41.772692,-072.690583
09,110,524700,3402,+41.731900,-072.709526
09,110,526101,4418,+41.632694,-072.363284
09,110,526102,4680,+41.684369,-072.403465
09,110,528100,3151,+41.735297,-072.376732
09,110,529100,4858,+41.766602,-072.438343
09,110,530100,2286,+41.865130,-072.437333
09,110,530200,6259,+41.864030,-072.454428
09,110,530301,5532,+41.860450,-072.480487
09,110,530302,6240,+41.840815,-072.485001
09,110,530400,4118,+41.850323,-072.448341
09,110,530500,3236,+41.817646,-072.481064
09,110,530600,2544,+41.818925,-072.448712
09,110,533102,5562,+41.849062,-072.362067
09,110,533103,4026,+41.881089,-072.399559
09,110,533104,4975,+41.898991,-072.347312
09,110,535101,5533,+41.878891,-072.490646
09,110,535102,4153,+41.928456,-072.475034
09,110,535200,6740,+41.903937,-072.428984
09,110,538100,1300,+42.022119,-072.496960
09,110,538201,5007,+41.993259,-072.474589
09,110,538202,3948,+41.996544,-072.430530
09,110,840100,5566,+41.877172,-072.270287
09,110,850100,5586,+41.806691,-072.369251
09,110,850200,6649,+41.769120,-072.312911
09,110,860100,5272,+41.697842,-072.307402
09,110,881100,4977,+41.794568,-072.209439
09,110,881200,9522,+41.808076,-072.252674
09,110,881300,5349,+41.812298,-072.273759
09,110,881500,6044,+41.759505,-072.235735
09,110,890100,3696,+41.958280,-072.307070
09,110,890202,4949,+41.982740,-072.343865
09,110,890204,2827,+41.976164,-072.270981
09,110,980001,0,+41.934990,-072.698309
09,110,980002,0,+41.936563,-072.680199
09,110,980003,0,+41.950672,-072.673108
09,110,980100,889,+41.793458,-072.661305
09,120,060100,4551,+41.213928,-073.241492
09,120,060200,4211,+41.198405,-073.249921
09,120,060300,3986,+41.198321,-073.271137
09,120,060400,4494,+41.184401,-073.304946
09,120,060500,3092,+41.153889,-073.285809
09,120,060600,2235,+41.138075,-073.286502
09,120,060700,8087,+41.157933,-073.261691
09,120,060800,2089,+41.159784,-073.247764
09,120,060900,2546,+41.171161,-073.250733
09,120,061000,4060,+41.183211,-073.245164
09,120,061100,3826,+41.194905,-073.226696
09,120,061200,2342,+41.180781,-073.228849
09,120,061300,3031,+41.174489,-073.236294
09,120,061400,3004,+41.166717,-073.235585
09,120,061500,4936,+41.142441,-073.243990
09,120,061600,5022,+41.132915,-073.261702
09,120,070100,5178,+41.155154,-073.227421
09,120,070200,3984,+41.161729,-073.221830
09,120,070300,1359,+41.161521,-073.214208
09,120,070400,1712,+41.164632,-073.194954
09,120,070500,1684,+41.167374,-073.192801
09,120,070600,2795,+41.176246,-073.192278
09,120,070900,2792,+41.171074,-073.200949
09,120,071000,3850,+41.172613,-073.215064
09,120,071100,4623,+41.175899,-073.210765
09,120,071200,5302,+41.177403,-073.204900
09,120,071300,3547,+41.179495,-073.200169
09,120,071400,3876,+41.185573,-073.199752
09,120,071600,2514,+41.183594,-073.195741
09,120,071900,4714,+41.193922,-073.202178
09,120,072000,3699,+41.190028,-073.207101
09,120,072100,6399,+41.185151,-073.214802
09,120,072200,3944,+41.197254,-073.214148
09,120,072300,5404,+41.201775,-073.208359
09,120,072400,2833,+41.209036,-073.203679
09,120,072500,5843,+41.209549,-073.217673
09,120,072600,7746,+41.219198,-073.227933
09,120,072700,3849,+41.220363,-073.208325
09,120,072800,5722,+41.217315,-073.196842
09,120,072900,4849,+41.214593,-073.190582
09,120,073000,1998,+41.213175,-073.177387
09,120,073100,4666,+41.213324,-073.171758
09,120,073200,3765,+41.200023,-073.160612
09,120,073300,3430,+41.195568,-073.163419
09,120,073400,3882,+41.201497,-073.180820
09,120,073500,3613,+41.195121,-073.183509
09,120,073600,2318,+41.193953,-073.178348
09,120,073700,5173,+41.190542,-073.163323
09,120,073800,2375,+41.189488,-073.177402
09,120,073900,3542,+41.188601,-073.184411
09,120,074000,2262,+41.182401,-073.178556
09,120,074300,4652,+41.181760,-073.164156
09,120,074400,4673,+41.175863,-073.164221
09,120,080100,4998,+41.197673,-073.150275
09,120,080200,4446,+41.189257,-073.146889
09,120,080400,6073,+41.177438,-073.138535
09,120,080500,3107,+41.155071,-073.121471
09,120,080600,2533,+41.183647,-073.130434
09,120,080700,1980,+41.194478,-073.127276
09,120,080800,4929,+41.209915,-073.122902
09,120,080900,4897,+41.203743,-073.139624
09,120,081000,4359,+41.214025,-073.153320
09,120,081100,4767,+41.221470,-073.141071
09,120,081200,5247,+41.226372,-073.127017
09,120,081300,5019,+41.252254,-073.116932
09,120,090100,3305,+41.279679,-073.254164
09,120,090200,8152,+41.266702,-073.229909
09,120,090300,4681,+41.239525,-073.230423
09,120,090400,6714,+41.237822,-073.203662
09,120,090500,4814,+41.239044,-073.168347
09,120,090600,3578,+41.257797,-073.173377
09,120,090700,5583,+41.279116,-073.202381
09,120,100100,5583,+41.324440,-073.262009
09,120,100200,6749,+41.322093,-073.216184
09,120,100300,6493,+41.352304,-073.200271
09,120,105100,4220,+41.233874,-073.277157
09,120,105200,3385,+41.283841,-073.296662
09,120,257200,4087,+41.197678,-073.197549
09,120,990000,0,+41.092611,-073.171738
09,130,541100,2549,+41.565548,-072.657477
09,130,541200,5427,+41.578014,-072.679821
09,130,541301,2047,+41.593641,-072.705179
09,130,541302,4123,+41.591484,-072.701877
09,130,541401,3333,+41.571948,-072.723096
09,130,541402,5639,+41.560684,-072.685141
09,130,541500,3324,+41.554763,-072.656783
09,130,541600,1475,+41.562450,-072.651236
09,130,541700,3664,+41.553439,-072.644599
09,130,542000,4482,+41.540000,-072.640986
09,130,542100,3571,+41.541536,-072.665612
09,130,542200,1628,+41.522801,-072.673692
09,130,550100,5759,+41.595885,-072.513838
09,130,550201,3877,+41.564695,-072.480791
09,130,550202,3081,+41.556051,-072.522046
09,130,560100,5789,+41.593332,-072.595749
09,130,560200,3595,+41.578826,-072.632997
09,130,570100,5007,+41.611847,-072.687737
09,130,570200,3458,+41.618256,-072.664101
09,130,570300,5760,+41.607584,-072.650613
09,130,580100,4217,+41.521997,-072.711286
09,130,585100,7152,+41.463788,-072.686838
09,130,590101,3925,+41.476434,-072.520274
09,130,590102,4527,+41.457229,-072.577578
09,130,595101,3573,+41.467962,-072.380854
09,130,595102,5302,+41.499362,-072.432680
09,130,600100,3749,+41.405191,-072.465904
09,130,610100,2146,+41.277471,-072.533329
09,130,610200,3689,+41.275749,-072.509410
09,130,610300,4150,+41.307560,-072.520713
09,130,610400,3200,+41.304075,-072.551954
09,130,620100,4415,+41.375189,-072.449951
09,130,630101,4185,+41.342558,-072.433774
09,130,630102,2548,+41.355536,-072.395492
09,130,640100,6174,+41.369659,-072.570930
09,130,650100,2352,+41.393816,-072.341037
09,130,660101,3420,+41.331143,-072.317883
09,130,660103,2766,+41.315141,-072.276265
09,130,660104,1442,+41.289440,-072.285055
09,130,670100,4725,+41.305173,-072.395595
09,130,670200,5756,+41.283498,-072.374738
09,130,680101,3161,+41.311560,-072.460127
09,130,680102,3608,+41.280983,-072.453357
09,130,680200,6455,+41.528071,-072.629730
09,130,990100,0,+41.230831,-072.398599
09,140,110100,2682,+41.316189,-073.094224
09,140,110201,4763,+41.302270,-073.083014
09,140,110202,5078,+41.279623,-073.097003
09,140,110301,6428,+41.303009,-073.112825
09,140,110302,3355,+41.274250,-073.137445
09,140,110400,5051,+41.288604,-073.171329
09,140,110500,5561,+41.311162,-073.163612
09,140,110601,2907,+41.333877,-073.147621
09,140,110602,5044,+41.340803,-073.132092
09,140,120100,6375,+41.317932,-073.064942
09,140,120200,5950,+41.329057,-073.095054
09,140,125100,4367,+41.332667,-073.057493
09,140,125200,5888,+41.344669,-073.069955
09,140,125300,5167,+41.344133,-073.088857
09,140,125400,3496,+41.355671,-073.079484
09,140,130101,5136,+41.402105,-073.058749
09,140,130102,3177,+41.375940,-073.074031
09,140,130201,3566,+41.365947,-073.114017
09,140,130202,4869,+41.391078,-073.090937
09,140,341100,6000,+41.439065,-073.053666
09,140,342100,3385,+41.638194,-073.207428
09,140,343101,5128,+41.529952,-072.885899
09,140,343102,4000,+41.511902,-072.888593
09,140,343200,6022,+41.529750,-072.928554
09,140,343300,6918,+41.483192,-072.896291
09,140,343400,6665,+41.483769,-072.921214
09,140,344100,4656,+41.538635,-073.104311
09,140,344200,2918,+41.517560,-073.136440
09,140,345100,6858,+41.504790,-073.041275
09,140,345201,7148,+41.484348,-073.037616
09,140,345202,4085,+41.477303,-073.012909
09,140,345300,6330,+41.486113,-073.064841
09,140,345400,7118,+41.501689,-073.072678
09,140,346101,6722,+41.420853,-073.114149
09,140,346102,5984,+41.430090,-073.151405
09,140,347100,5712,+41.505249,-072.966474
09,140,347200,3669,+41.501930,-072.996975
09,140,348111,2455,+41.477147,-073.275797
09,140,348122,4198,+41.489936,-073.184468
09,140,348123,5686,+41.450389,-073.205587
09,140,348124,2534,+41.480420,-073.227536
09,140,348125,5006,+41.489202,-073.239977
09,140,349100,4792,+41.668846,-073.093459
09,140,349200,2650,+41.679903,-073.072408
09,140,350101,4697,+41.557889,-073.041090
09,140,350200,3695,+41.564956,-073.034602
09,140,350300,2235,+41.561975,-073.027130
09,140,350400,2846,+41.557289,-073.029533
09,140,350500,2693,+41.547303,-073.035074
09,140,350800,6010,+41.565756,-073.046581
09,140,350900,2180,+41.575300,-073.045275
09,140,351000,4107,+41.575471,-073.034752
09,140,351100,4341,+41.570917,-073.014924
09,140,351200,4146,+41.555687,-073.021598
09,140,351300,5557,+41.550691,-073.011694
09,140,351400,4087,+41.540443,-073.029831
09,140,351500,4975,+41.528704,-073.032728
09,140,351601,3541,+41.539539,-073.050547
09,140,351602,6201,+41.534248,-073.058213
09,140,351700,3015,+41.544192,-073.048255
09,140,351800,4403,+41.552612,-073.069541
09,140,351900,2840,+41.530302,-073.066843
09,140,352000,4996,+41.566900,-073.072770
09,140,352100,4359,+41.578576,-073.078565
09,140,352200,2582,+41.583974,-073.063151
09,140,352300,3106,+41.581270,-073.048102
09,140,352400,3461,+41.600289,-073.030152
09,140,352500,3084,+41.588526,-073.030416
09,140,352600,5450,+41.559201,-072.994766
09,140,352701,3415,+41.547946,-072.975940
09,140,352702,5996,+41.548751,-072.990060
09,140,352800,6385,+41.534054,-072.996028
09,140,360100,5285,+41.607319,-073.114112
09,140,360200,7720,+41.607808,-073.130407
09,140,360300,3271,+41.595916,-073.078649
09,140,360400,5829,+41.588475,-073.092777
09,140,361100,6418,+41.574115,-072.969719
09,140,361200,5446,+41.602033,-073.001104
09,140,361300,4278,+41.622380,-072.974361
09,140,362101,4136,+41.531184,-073.204616
09,140,362102,5587,+41.569778,-073.209765
09,140,405100,3164,+41.679805,-072.933804
09,140,405200,4225,+41.679954,-072.913429
09,140,405300,6105,+41.688195,-072.901321
09,140,405401,3421,+41.662609,-072.893930
09,140,405402,4257,+41.662230,-072.909980
09,140,405500,5266,+41.659179,-072.940162
09,140,405600,7398,+41.662834,-072.962032
09,140,405700,2061,+41.675699,-072.958364
09,140,405801,3176,+41.693037,-072.947954
09,140,405802,4172,+41.696652,-072.971363
09,140,405900,4647,+41.701142,-072.936948
09,140,406001,4113,+41.706086,-072.920642
09,140,406002,4754,+41.709995,-072.904530
09,140,406100,4074,+41.674245,-072.941325
09,140,425300,3986,+41.687970,-073.026744
09,140,425400,4429,+41.656711,-073.022337
09,140,425500,3256,+41.677567,-073.000243
09,150,708100,2570,+41.583190,-071.833623
09,150,815000,2151,+41.784442,-072.129257
09,150,820000,1728,+41.775616,-072.057710
09,150,825000,1576,+41.704451,-072.091296
09,150,830100,4191,+41.886898,-072.172038
09,150,890203,785,+41.993121,-072.162921
09,150,900100,4422,+41.985070,-071.844764
09,150,900200,4767,+41.983843,-071.910753
09,150,901101,2640,+41.939222,-072.042674
09,150,901102,5581,+41.971506,-071.994470
09,150,902200,1649,+41.893439,-072.090332
09,150,902500,4266,+41.870386,-071.973468
09,150,903101,3302,+41.924515,-071.914279
09,150,903102,3527,+41.916447,-071.899822
09,150,903200,2395,+41.909536,-071.868006
09,150,904101,4761,+41.855572,-071.853342
09,150,904102,2797,+41.805253,-071.827762
09,150,904400,4112,+41.834654,-071.892175
09,150,904500,6082,+41.798427,-071.885119
09,150,905101,4751,+41.785690,-071.914971
09,150,905102,3699,+41.787455,-071.965219
09,150,906100,5045,+41.690001,-072.004778
09,150,907100,4217,+41.725557,-071.913542
09,150,907200,5302,+41.718187,-071.875493
09,150,907300,5454,+41.670601,-071.915786
09,150,908100,3578,+41.710609,-071.819508
09,160,260200,3211,+42.024832,-073.314046
09,160,261100,4194,+41.972720,-073.429454
09,160,262100,2680,+41.868154,-073.452110
09,160,263200,1567,+41.844478,-073.340759
09,160,265100,1351,+41.739074,-073.353396
09,160,266100,3019,+41.720975,-073.459296
09,160,267100,3646,+41.656270,-073.321377
09,160,268100,2260,+41.550137,-073.297090
09,160,290100,3647,+41.925033,-072.977736
09,160,293100,1361,+41.992895,-073.092910
09,160,296100,3150,+41.828373,-073.244087
09,160,298300,2729,+41.783712,-073.083526
09,160,298400,2755,+41.753873,-073.053318
09,160,300100,2610,+41.738411,-073.245490
09,160,300400,2151,+41.764613,-073.181495
09,160,300500,3431,+41.725230,-073.145358
09,160,303100,2256,+41.687416,-073.211649
09,160,306100,6658,+41.849940,-073.009179
09,160,310100,4253,+41.815737,-073.113670
09,160,310200,2844,+41.808482,-073.128340
09,160,310300,1801,+41.800819,-073.118274
09,160,310400,2578,+41.801069,-073.103187
09,160,310500,1806,+41.812483,-073.100117
09,160,310601,3454,+41.852267,-073.076196
09,160,310602,4427,+41.813362,-073.083562
09,160,310700,4379,+41.843432,-073.125928
09,160,310801,2385,+41.790406,-073.119857
09,160,310803,4802,+41.797623,-073.136795
09,160,310804,2786,+41.807638,-073.151533
09,160,320101,1388,+41.923536,-073.069612
09,160,320102,4551,+41.932719,-073.060574
09,160,320200,4285,+41.912516,-073.091466
09,160,330100,1901,+41.999289,-072.927183
09,160,410101,5285,+41.741228,-072.951155
09,160,410102,4234,+41.777179,-072.946871
09,160,425601,1588,+41.981621,-073.195856
09,160,425602,1080,+41.956774,-073.340866
09,170,140101,1306,+41.306044,-072.929116
09,170,140102,2526,+41.305894,-072.923282
09,170,140200,543,+41.298374,-072.926980
09,170,140300,2750,+41.296831,-072.932642
09,170,140400,3554,+41.287600,-072.932630
09,170,140500,3775,+41.293616,-072.938741
09,170,140600,4747,+41.301605,-072.940924
09,170,140700,4275,+41.311545,-072.938411
09,170,140800,3892,+41.308752,-072.947347
09,170,140900,4478,+41.316256,-072.949227
09,170,141000,3873,+41.321278,-072.964304
09,170,141100,2805,+41.324159,-072.978601
09,170,141200,4678,+41.332569,-072.973449
09,170,141301,6316,+41.334656,-072.956272
09,170,141400,4989,+41.322848,-072.946231
09,170,141500,7614,+41.330243,-072.932296
09,170,141600,5139,+41.318314,-072.934388
09,170,141800,4523,+41.327081,-072.922118
09,170,141900,5569,+41.321547,-072.912019
09,170,142000,3451,+41.314641,-072.916433
09,170,142100,1189,+41.311031,-072.912858
09,170,142200,1671,+41.304345,-072.917392
09,170,142300,5392,+41.306391,-072.897101
09,170,142400,5916,+41.313107,-072.900157
09,170,142500,5938,+41.315388,-072.892949
09,170,142601,5890,+41.326785,-072.872034
09,170,142604,2948,+41.304221,-072.883253
09,170,142605,4149,+41.314416,-072.873335
09,170,142700,6743,+41.290840,-072.892441
09,170,142800,4751,+41.267249,-072.894136
09,170,150100,4332,+41.221914,-073.061117
09,170,150200,3385,+41.211153,-073.066398
09,170,150300,3894,+41.203761,-073.089408
09,170,150400,4118,+41.194417,-073.086223
09,170,150500,4165,+41.193298,-073.102288
09,170,150600,6513,+41.225534,-073.089363
09,170,150700,4331,+41.249653,-073.063882
09,170,150800,3847,+41.245095,-073.033528
09,170,150900,3965,+41.217954,-073.040293
09,170,151000,4090,+41.210329,-073.020878
09,170,151100,6341,+41.224630,-073.009629
09,170,151200,3063,+41.236523,-072.999714
09,170,154101,3089,+41.297998,-072.962096
09,170,154102,4918,+41.294739,-072.977047
09,170,154200,6767,+41.275456,-072.976832
09,170,154500,4738,+41.277904,-072.947041
09,170,154600,4226,+41.272459,-072.959770
09,170,154700,6187,+41.245419,-072.982326
09,170,154800,4954,+41.249671,-072.970190
09,170,154900,3805,+41.264212,-072.953332
09,170,155000,5487,+41.269462,-072.942073
09,170,155100,3421,+41.260694,-072.943953
09,170,157100,2604,+41.268388,-073.006843
09,170,157200,3865,+41.266425,-073.036090
09,170,157300,3524,+41.294902,-073.053526
09,170,157400,4287,+41.293782,-073.009068
09,170,160100,3576,+41.333922,-073.020513
09,170,160200,5511,+41.364597,-073.008912
09,170,161100,5297,+41.424560,-073.001632
09,170,165100,4067,+41.344675,-072.897466
09,170,165200,2577,+41.354150,-072.905024
09,170,165300,2257,+41.362705,-072.913310
09,170,165400,5504,+41.345584,-072.919416
09,170,165500,4904,+41.340348,-072.935512
09,170,165600,5935,+41.354860,-072.933285
09,170,165700,4557,+41.346613,-072.948303
09,170,165801,5370,+41.374361,-072.925098
09,170,165802,4103,+41.366689,-072.947346
09,170,165900,8178,+41.415847,-072.925824
09,170,166002,6894,+41.412914,-072.896229
09,170,166003,2473,+41.385224,-072.906426
09,170,166004,4350,+41.394592,-072.910000
09,170,167101,3847,+41.400470,-072.873892
09,170,167102,4289,+41.377615,-072.894305
09,170,167201,4183,+41.380697,-072.855227
09,170,167202,4332,+41.402998,-072.841025
09,170,167301,7602,+41.362119,-072.843068
09,170,170100,1679,+41.539519,-072.795701
09,170,170200,1900,+41.541523,-072.803828
09,170,170300,2453,+41.543228,-072.810826
09,170,170400,1772,+41.544631,-072.822148
09,170,170500,5442,+41.529942,-072.842543
09,170,170600,2516,+41.531656,-072.826423
09,170,170700,2672,+41.533639,-072.815105
09,170,170800,5925,+41.523165,-072.811044
09,170,170900,2705,+41.533664,-072.808684
09,170,171000,2045,+41.534017,-072.798136
09,170,171100,5597,+41.520800,-072.795077
09,170,171201,4709,+41.511911,-072.780735
09,170,171202,3420,+41.524192,-072.758871
09,170,171300,3427,+41.534929,-072.778844
09,170,171400,2100,+41.537210,-072.789362
09,170,171500,3634,+41.548242,-072.788439
09,170,171600,4998,+41.558693,-072.788954
09,170,171700,3856,+41.546852,-072.766698
09,170,175100,3409,+41.460579,-072.816556
09,170,175200,2481,+41.452768,-072.824090
09,170,175300,4237,+41.439601,-072.823315
09,170,175400,4444,+41.471007,-072.821441
09,170,175501,1441,+41.457318,-072.871362
09,170,175502,6158,+41.458996,-072.845860
09,170,175600,5203,+41.484029,-072.839751
09,170,175700,1956,+41.499800,-072.834184
09,170,175800,4200,+41.471305,-072.791407
09,170,175900,4911,+41.446591,-072.804218
09,170,176000,5956,+41.440236,-072.786467
09,170,180101,2117,+41.249762,-072.881704
09,170,180102,4031,+41.255900,-072.866341
09,170,180200,5723,+41.276451,-072.880227
09,170,180300,2470,+41.274827,-072.869337
09,170,180400,2613,+41.296080,-072.869852
09,170,180500,4386,+41.319086,-072.858811
09,170,180601,3049,+41.314837,-072.842348
09,170,180602,3534,+41.333842,-072.841494
09,170,184101,5254,+41.281111,-072.813315
09,170,184200,4276,+41.276379,-072.841341
09,170,184300,4265,+41.263030,-072.837914
09,170,184400,3224,+41.263696,-072.803494
09,170,184500,2540,+41.283358,-072.786703
09,170,184600,2740,+41.275547,-072.759705
09,170,184700,5974,+41.302256,-072.809983
09,170,186100,6813,+41.328219,-072.773556
09,170,186200,6731,+41.392906,-072.783159
09,170,190100,3289,+41.283355,-072.673426
09,170,190200,3421,+41.270282,-072.704190
09,170,190301,6616,+41.321308,-072.677605
09,170,190302,5398,+41.320486,-072.719428
09,170,190303,3349,+41.380731,-072.710219
09,170,194101,2045,+41.278552,-072.568926
09,170,194102,2991,+41.276049,-072.615295
09,170,194201,7520,+41.331094,-072.638871
09,170,194202,5135,+41.327558,-072.607470
09,170,361401,4458,+41.308871,-072.932121
09,170,361402,4175,+41.312854,-072.926532
09,170,361500,7992,+41.287453,-072.961394
09,170,990000,0,+41.186161,-072.814860
09,180,690300,6805,+41.358018,-072.114829
09,180,690400,2186,+41.354253,-072.107649
09,180,690500,2774,+41.354359,-072.100658
09,180,690700,1402,+41.344721,-072.102664
09,180,690800,3458,+41.340778,-072.107113
09,180,690900,4963,+41.324429,-072.099227
09,180,693300,5672,+41.346259,-072.166737
09,180,693400,4286,+41.349442,-072.131587
09,180,693500,3460,+41.316541,-072.128482
09,180,693600,2886,+41.403288,-072.111147
09,180,693700,3267,+41.390476,-072.145434
09,180,695201,4975,+41.458625,-072.143167
09,180,695202,5854,+41.471339,-072.196207
09,180,696100,5094,+41.574547,-072.054339
09,180,696200,4768,+41.547866,-072.116829
09,180,696300,2741,+41.556531,-072.086583
09,180,696401,6168,+41.538661,-072.060292
09,180,696500,2931,+41.535758,-072.082354
09,180,696600,3861,+41.521478,-072.103573
09,180,696701,5902,+41.513607,-072.090610
09,180,696800,4016,+41.527878,-072.074511
09,180,697000,4644,+41.519177,-072.063288
09,180,700100,4788,+41.517002,-072.004902
09,180,701100,8050,+41.437548,-071.992612
09,180,701200,7355,+41.434570,-072.065200
09,180,702100,4504,+41.385824,-071.994432
09,180,702300,2419,+41.374418,-072.079886
09,180,702400,3352,+41.354905,-072.075440
09,180,702500,4679,+41.337712,-072.068090
09,180,702600,1115,+41.326929,-072.069803
09,180,702700,4707,+41.350945,-072.052084
09,180,702800,4031,+41.349356,-072.016572
09,180,702900,2352,+41.325059,-071.999799
09,180,703000,3645,+41.353802,-071.980064
09,180,705101,4202,+41.360933,-071.847427
09,180,705102,4193,+41.384522,-071.848458
09,180,705200,3407,+41.348080,-071.907530
09,180,705300,3747,+41.354087,-071.955659
09,180,705400,2786,+41.399675,-071.928555
09,180,707100,5149,+41.457460,-071.871915
09,180,709100,6004,+41.580435,-071.920836
09,180,709200,5398,+41.611416,-071.973947
09,180,710100,4195,+41.601829,-072.015736
09,180,711100,2967,+41.624280,-072.077919
09,180,712100,1863,+41.614236,-072.141068
09,180,713100,2429,+41.545744,-072.171466
09,180,714101,3782,+41.576598,-072.336086
09,180,714103,7096,+41.555714,-072.378356
09,180,714104,4677,+41.567187,-072.293090
09,180,715100,4213,+41.487907,-072.259463
09,180,716101,4975,+41.333057,-072.232817
09,180,716102,5753,+41.377573,-072.227419
09,180,800300,5958,+41.720613,-072.224986
09,180,800400,3910,+41.705269,-072.208417
09,180,800501,3804,+41.722988,-072.180225
09,180,800502,3149,+41.700271,-072.153106
09,180,800600,4187,+41.714619,-072.206538
09,180,800700,3417,+41.722047,-072.208621
09,180,870100,7142,+41.633656,-072.244515
09,180,870200,5792,+41.378976,-072.064069
09,180,870300,5779,+41.371917,-072.104420
09,180,870501,4315,+41.478019,-072.099629
09,180,870502,3243,+41.445613,-072.106668
09,180,870701,2072,+41.349129,-072.199525
09,180,870703,1749,+41.309181,-072.229036
09,180,870704,4144,+41.315943,-072.202972
09,180,980000,1823,+41.394661,-072.083976
09,180,990100,0,+41.260273,-072.174592
09,190,010101,4401,+41.069467,-073.679592
09,190,010102,4276,+41.097896,-073.633524
09,190,010201,3395,+41.060397,-073.623070
09,190,010202,5904,+41.059853,-073.590348
09,190,010300,4370,+41.037725,-073.637348
09,190,010400,5716,+41.024621,-073.659275
09,190,010500,6570,+41.015586,-073.643471
09,190,010600,1884,+41.028824,-073.626277
09,190,010700,3573,+41.028879,-073.617704
09,190,010800,3135,+41.038516,-073.600043
09,190,010900,5279,+41.049433,-073.576199
09,190,011000,5477,+41.028580,-073.565577
09,190,011100,5049,+41.031105,-073.582108
09,190,011200,1703,+41.015674,-073.624063
09,190,011300,2786,+41.001741,-073.653904
09,190,020101,2862,+41.057587,-073.540898
09,190,020102,3988,+41.052201,-073.542324
09,190,020200,3754,+41.123513,-073.591258
09,190,020301,3829,+41.153697,-073.555564
09,190,020302,3379,+41.143522,-073.577892
09,190,020400,3611,+41.120752,-073.549697
09,190,020500,4813,+41.080699,-073.568182
09,190,020600,4842,+41.095493,-073.553797
09,190,020700,4170,+41.105356,-073.527880
09,190,020800,2873,+41.091216,-073.541846
09,190,020900,5257,+41.095580,-073.519046
09,190,021000,3559,+41.084328,-073.525236
09,190,021100,6414,+41.071962,-073.524813
09,190,021200,4319,+41.074550,-073.540680
09,190,021300,4781,+41.064716,-073.551618
09,190,021401,3079,+41.050305,-073.555359
09,190,021402,3947,+41.053041,-073.562351
09,190,021501,3955,+41.051770,-073.550167
09,190,021502,2821,+41.047434,-073.549732
09,190,021601,3559,+41.061882,-073.543101
09,190,021602,4536,+41.062918,-073.536592
09,190,021701,3268,+41.056865,-073.528063
09,190,021702,4732,+41.056567,-073.534454
09,190,021801,4720,+41.063633,-073.526800
09,190,021802,5156,+41.061145,-073.516161
09,190,021900,6341,+41.049352,-073.510082
09,190,022000,3058,+41.052926,-073.514002
09,190,022101,3586,+41.051649,-073.522801
09,190,022102,3943,+41.044043,-073.524449
09,190,022201,3060,+41.045326,-073.538156
09,190,022202,4581,+41.041119,-073.539471
09,190,022300,6311,+41.037850,-073.550424
09,190,022400,2366,+41.029851,-073.525753
09,190,030100,3733,+41.099417,-073.487406
09,190,030200,3316,+41.084075,-073.465803
09,190,030300,4425,+41.061828,-073.470921
09,190,030400,4060,+41.065206,-073.493803
09,190,030500,5965,+41.078454,-073.502490
09,190,035101,3663,+41.148071,-073.487549
09,190,035102,4259,+41.139371,-073.494314
09,190,035200,3306,+41.168807,-073.520404
09,190,035300,4114,+41.127994,-073.499024
09,190,035400,5280,+41.167501,-073.476552
09,190,042500,3678,+41.153182,-073.401420
09,190,042600,4053,+41.134575,-073.390523
09,190,042700,5585,+41.143737,-073.422052
09,190,042800,4761,+41.129679,-073.407063
09,190,042900,1593,+41.147150,-073.442540
09,190,043000,3233,+41.131378,-073.440309
09,190,043100,4545,+41.107154,-073.454575
09,190,043200,3081,+41.110219,-073.439063
09,190,043300,3389,+41.120835,-073.430108
09,190,043400,4980,+41.125396,-073.418913
09,190,043500,2713,+41.120609,-073.389780
09,190,043600,3187,+41.116262,-073.402386
09,190,043700,3602,+41.114974,-073.414148
09,190,043800,8083,+41.111961,-073.427854
09,190,043900,5456,+41.090925,-073.436170
09,190,044000,6241,+41.097957,-073.426204
09,190,044100,3479,+41.097199,-073.418393
09,190,044200,4092,+41.101969,-073.405385
09,190,044300,4264,+41.102642,-073.395083
09,190,044400,3536,+41.087357,-073.415237
09,190,044500,4056,+41.086473,-073.424541
09,190,044600,3577,+41.068119,-073.438526
09,190,045101,4094,+41.212818,-073.469338
09,190,045102,5885,+41.223653,-073.429557
09,190,045200,2720,+41.198131,-073.435936
09,190,045300,2513,+41.166598,-073.438841
09,190,045400,3291,+41.178104,-073.402224
09,190,050100,4070,+41.154886,-073.376379
09,190,050200,4096,+41.151796,-073.355523
09,190,050301,3977,+41.150895,-073.318023
09,190,050302,4425,+41.164434,-073.341577
09,190,050400,2444,+41.116025,-073.375146
09,190,050500,4751,+41.123463,-073.356140
09,190,050600,3378,+41.130258,-073.323017
09,190,055100,5837,+41.231891,-073.381069
09,190,055200,4517,+41.203049,-073.354800
09,190,200100,4039,+41.371060,-073.425139
09,190,200200,5788,+41.377320,-073.406378
09,190,200301,5263,+41.408479,-073.391975
09,190,200302,5268,+41.367721,-073.386504
09,190,205100,4413,+41.477651,-073.426597
09,190,205200,7015,+41.475876,-073.380076
09,190,205300,6100,+41.447152,-073.397947
09,190,210101,2773,+41.398566,-073.457086
09,190,210102,3246,+41.391014,-073.447745
09,190,210201,3533,+41.394317,-073.440859
09,190,210202,3437,+41.403000,-073.451794
09,190,210300,6114,+41.407057,-073.438465
09,190,210401,4594,+41.385434,-073.431575
09,190,210402,4433,+41.397660,-073.421290
09,190,210501,3207,+41.361943,-073.447702
09,190,210502,6528,+41.378210,-073.513383
09,190,210600,6623,+41.386211,-073.457798
09,190,210701,5877,+41.396851,-073.465535
09,190,210702,3880,+41.388741,-073.469351
09,190,210800,6099,+41.398818,-073.499538
09,190,210900,5921,+41.421542,-073.495596
09,190,211000,4051,+41.425720,-073.473940
09,190,211100,1190,+41.436012,-073.467078
09,190,211201,3630,+41.416750,-073.450187
09,190,211202,2769,+41.434202,-073.464118
09,190,211300,3549,+41.440216,-073.441872
09,190,211400,5064,+41.431030,-073.424298
09,190,220100,4912,+41.461677,-073.524587
09,190,220200,4873,+41.476327,-073.493836
09,190,220300,3794,+41.489552,-073.467400
09,190,230100,7351,+41.432563,-073.307625
09,190,230200,1914,+41.412474,-073.311553
09,190,230300,3490,+41.395883,-073.339676
09,190,230400,5579,+41.362883,-073.307499
09,190,230501,3942,+41.410677,-073.229827
09,190,230502,4897,+41.383405,-073.251593
09,190,240100,4294,+41.290333,-073.426777
09,190,240200,4471,+41.314807,-073.368741
09,190,245100,2879,+41.321536,-073.507088
09,190,245200,4463,+41.321658,-073.483226
09,190,245300,5362,+41.285624,-073.482311
09,190,245400,3404,+41.257609,-073.482048
09,190,245500,2952,+41.275462,-073.512435
09,190,245600,5973,+41.319614,-073.523873
09,190,250100,1662,+41.529128,-073.361872
09,190,253100,3473,+41.594272,-073.410377
09,190,253200,7397,+41.580557,-073.385867
09,190,253400,6216,+41.552581,-073.441645
09,190,253500,5990,+41.632885,-073.417587
09,190,257100,3527,+41.576317,-073.494758
09,190,425700,5039,+41.564728,-073.422173
09,190,990000,0,+41.021233,-073.438153
